              precision    recall  f1-score   support

           0       0.90      1.00      0.95         9
           1       1.00      1.00      1.00        10
           2       1.00      1.00      1.00        10
           3       1.00      1.00      1.00        11
           4       1.00      1.00      1.00        11
           5       1.00      1.00      1.00         8
           6       1.00      1.00      1.00         9
           7       1.00      1.00      1.00         8
           8       1.00      1.00      1.00         8
           9       1.00      1.00      1.00         9
          10       0.89      1.00      0.94         8
          11       1.00      1.00      1.00         9
          12       1.00      1.00      1.00         8
          13       0.91      1.00      0.95        10
          14       1.00      0.89      0.94         9
          15       1.00      0.88      0.93         8
          16       1.00      1.00      1.00        12
          17       1.00      1.00      1.00         9
          18       1.00      1.00      1.00         9
          19       1.00      1.00      1.00        10
          20       1.00      1.00      1.00         9
          21       1.00      1.00      1.00         8
          22       1.00      1.00      1.00         8
          23       1.00      1.00      1.00        10
          24       1.00      1.00      1.00         8
          25       1.00      0.88      0.93         8
          26       1.00      1.00      1.00         8
          27       1.00      1.00      1.00         8
          28       1.00      1.00      1.00         9
          29       1.00      1.00      1.00        10
          30       1.00      1.00      1.00         8
          31       1.00      1.00      1.00         8

    accuracy                           0.99       287
   macro avg       0.99      0.99      0.99       287
weighted avg       0.99      0.99      0.99       287
